30 200
11 7 12 6 12 3 12 3 4 5 1 3 8 4 4 10 4 3 11 12 12 2 8 7 7 3 10 5 8 4
25 12
4 24
29 9
20 13
15 28
25 17
20 1
22 14
19 24
10 7
22 12
3 19
26 13
23 13
0 24
16 3
10 16
19 21
15 18
0 2
19 5
9 4
15 7
3 24
15 12
0 8
25 8
0 1
20 6
1 5
3 9
7 5
23 26
9 24
16 4
26 14
29 1
18 16
12 5
16 24
19 4
29 5
15 19
18 24
18 5
25 7
27 21
12 16
23 28
3 5
19 6
26 18
27 13
23 6
13 5
15 10
27 8
26 29
23 16
9 21
17 8
29 3
3 11
19 2
1 24
12 8
6 21
16 19
10 18
22 11
28 21
3 27
25 22
25 27
7 12
0 27
20 14
20 11
9 27
28 5
11 5
25 11
9 11
10 13
12 4
22 29
15 2
25 16
28 13
23 8
28 18
10 8
0 14
7 13
20 29
17 0
10 24
23 25
1 9
15 14
25 3
22 9
25 21
14 24
11 21
12 3
10 6
12 27
7 24
6 27
22 28
29 27
26 4
17 29
18 19
4 13
17 16
19 13
26 12
17 3
14 4
16 5
25 26
7 9
20 5
18 9
26 6
18 0
22 5
29 19
14 5
29 11
2 8
23 2
6 11
19 27
12 11
10 27
12 29
9 5
29 24
23 19
28 27
10 5
1 11
6 2
25 1
20 10
0 19
25 14
25 0
20 19
28 0
24 21
7 28
25 6
28 19
22 4
4 11
26 5
10 19
10 26
7 14
14 2
12 13
17 9
10 14
29 6
22 2
29 16
15 24
2 5
6 14
20 22
27 5
9 14
24 11
0 11
12 19
20 23
25 18
18 4
9 2
7 26
28 8
10 25
17 26
22 1
7 4
17 12
20 25
25 24
15 27
26 27
18 11
7 16
0 3
27 2
21 5
10 12
