30 200
2 8 6 5 4 12 8 1 8 5 9 2 9 6 11 9 2 3 2 12 6 10 9 4 9 11 11 11 10 4
7 17
8 3
25 15
19 8
28 6
11 17
26 16
17 6
26 11
24 25
26 13
21 28
0 18
7 10
23 22
16 29
2 18
23 0
22 18
5 15
24 27
2 3
17 13
14 16
2 17
23 8
23 20
25 14
1 13
12 16
12 10
9 20
7 16
22 13
19 11
19 28
1 3
9 10
29 10
23 16
24 8
23 1
21 17
19 1
25 6
20 22
14 29
14 1
23 10
29 3
26 27
26 8
29 20
11 10
14 15
21 16
5 12
2 20
10 22
1 27
9 1
12 27
5 22
10 4
12 17
25 4
9 6
20 4
24 21
17 22
19 13
26 4
7 6
25 2
21 8
23 13
11 2
29 1
7 9
19 10
19 7
24 14
6 3
28 4
10 1
9 2
2 8
24 10
0 29
28 10
29 18
15 13
19 9
11 6
5 2
28 17
13 18
7 28
12 8
23 6
9 4
25 8
26 15
26 1
13 3
25 5
29 6
14 11
4 3
24 1
2 15
14 28
14 2
15 17
16 3
24 29
14 20
23 14
0 27
12 4
23 5
9 15
8 20
25 13
16 27
5 17
24 9
16 17
4 18
23 18
20 27
25 20
14 18
23 29
9 28
27 18
19 15
1 20
15 10
12 22
9 12
10 6
7 18
16 1
26 9
5 13
27 4
28 20
0 4
8 0
22 6
15 4
8 4
26 29
14 3
10 17
19 22
26 5
23 27
25 21
26 28
15 18
29 4
25 12
15 16
19 4
0 20
11 27
5 1
5 18
21 15
8 10
19 2
9 22
2 4
5 0
26 20
12 18
29 22
7 13
9 13
20 3
17 27
5 29
12 29
11 22
11 21
11 12
20 13
0 1
19 20
14 0
2 16
19 5
5 10
12 1
14 6
7 12
5 16
21 3